subjID	choice	gain	loss
2	1	100	250
2	1	100	250
2	2	100	250
2	3	50	50
2	4	50	0
2	4	50	50
2	3	50	0
2	4	50	0
2	3	50	0
2	4	50	0
2	3	50	50
2	2	100	250
2	1	100	0
2	3	50	50
2	1	100	250
2	2	100	250
2	4	50	50
2	3	50	50
2	4	50	50
2	3	50	50
2	3	50	50
2	2	100	250
2	1	100	250
2	3	50	50
2	4	50	50
2	4	50	0
2	4	50	0
2	4	50	50
2	3	50	0
2	3	50	50
2	3	50	0
2	3	50	0
2	3	50	0
2	3	50	0
2	3	50	0
2	3	50	0
2	3	50	50
2	4	50	0
2	4	50	0
2	4	50	50
2	4	50	0
2	4	50	50
2	4	50	50
2	4	50	50
2	4	50	0
2	4	50	0
2	4	50	0
2	4	50	50
2	4	50	0
2	4	50	50
2	4	50	0
2	4	50	50
2	4	50	0
2	4	50	50
2	4	50	0
2	4	50	0
2	4	50	50
2	4	50	50
2	4	50	50
2	4	50	0
2	4	50	0
2	4	50	50
2	3	50	50
2	3	50	0
2	3	50	0
2	3	50	0
2	3	50	50
2	3	50	0
2	3	50	0
2	3	50	50
2	3	50	0
2	3	50	50
2	3	50	50
2	3	50	0
2	3	50	50
2	3	50	50
2	3	50	0
2	3	50	0
2	3	50	0
2	3	50	0
2	3	50	50
2	3	50	50
2	3	50	0
2	3	50	0
2	3	50	0
2	3	50	50
2	3	50	50
2	3	50	0
2	3	50	0
2	3	50	0
2	3	50	50
2	3	50	0
2	3	50	0
2	3	50	50
2	3	50	0
2	3	50	50
2	3	50	0
2	3	50	0
2	4	50	50
2	4	50	50
6	1	100	0
6	2	100	250
6	4	50	0
6	2	100	250
6	2	100	0
6	1	100	0
6	1	100	250
6	2	100	250
6	3	50	50
6	3	50	50
6	2	100	250
6	2	100	0
6	2	100	0
6	2	100	250
6	2	100	0
6	2	100	250
6	2	100	250
6	2	100	250
6	2	100	0
6	1	100	250
6	1	100	0
6	1	100	0
6	1	100	0
6	4	50	50
6	4	50	50
6	1	100	0
6	1	100	250
6	1	100	250
6	1	100	250
6	1	100	0
6	1	100	250
6	2	100	0
6	1	100	0
6	3	50	0
6	1	100	250
6	1	100	0
6	1	100	250
6	3	50	0
6	3	50	0
6	4	50	0
6	4	50	0
6	1	100	250
6	1	100	250
6	1	100	0
6	1	100	0
6	4	50	50
6	3	50	0
6	3	50	0
6	2	100	250
6	4	50	0
6	4	50	50
6	3	50	0
6	3	50	0
6	1	100	0
6	1	100	250
6	1	100	0
6	1	100	250
6	1	100	250
6	4	50	0
6	3	50	50
6	2	100	0
6	2	100	0
6	1	100	250
6	2	100	0
6	2	100	0
6	1	100	250
6	2	100	0
6	2	100	250
6	3	50	0
6	3	50	50
6	4	50	50
6	2	100	250
6	2	100	0
6	2	100	250
6	1	100	250
6	3	50	50
6	3	50	0
6	3	50	50
6	2	100	250
6	2	100	250
6	1	100	250
6	4	50	0
6	4	50	50
6	4	50	0
6	4	50	50
6	4	50	0
6	4	50	0
6	4	50	50
6	3	50	0
6	3	50	0
6	2	100	250
6	1	100	0
6	1	100	0
6	1	100	0
6	1	100	250
6	2	100	250
6	1	100	250
6	1	100	250
6	1	100	0
6	1	100	0
