subjID	choice	gain	loss
2	1	100	250
2	1	100	250
2	2	100	250
2	3	50	50
2	4	50	0
2	4	50	50
2	3	50	0
2	4	50	0
2	3	50	0
2	4	50	0
2	3	50	50
2	2	100	250
2	1	100	0
2	3	50	50
2	1	100	250
2	2	100	250
2	4	50	50
2	3	50	50
2	4	50	50
2	3	50	50
2	3	50	50
2	2	100	250
2	1	100	250
2	3	50	50
2	4	50	50
2	4	50	0
2	4	50	0
2	4	50	50
2	3	50	0
2	3	50	50
2	3	50	0
2	3	50	0
2	3	50	0
2	3	50	0
2	3	50	0
2	3	50	0
2	3	50	50
2	4	50	0
2	4	50	0
2	4	50	50
2	4	50	0
2	4	50	50
2	4	50	50
2	4	50	50
2	4	50	0
2	4	50	0
2	4	50	0
2	4	50	50
2	4	50	0
2	4	50	50
2	4	50	0
2	4	50	50
2	4	50	0
2	4	50	50
2	4	50	0
2	4	50	0
2	4	50	50
2	4	50	50
2	4	50	50
2	4	50	0
2	4	50	0
2	4	50	50
2	3	50	50
2	3	50	0
2	3	50	0
2	3	50	0
2	3	50	50
2	3	50	0
2	3	50	0
2	3	50	50
2	3	50	0
2	3	50	50
2	3	50	50
2	3	50	0
2	3	50	50
2	3	50	50
2	3	50	0
2	3	50	0
2	3	50	0
2	3	50	0
2	3	50	50
2	3	50	50
2	3	50	0
2	3	50	0
2	3	50	0
2	3	50	50
2	3	50	50
2	3	50	0
2	3	50	0
2	3	50	0
2	3	50	50
2	3	50	0
2	3	50	0
2	3	50	50
2	3	50	0
2	3	50	50
2	3	50	0
2	3	50	0
2	4	50	50
2	4	50	50
4	1	100	0
4	1	100	0
4	1	100	250
4	3	50	0
4	1	100	0
4	1	100	0
4	1	100	0
4	3	50	0
4	1	100	0
4	1	100	250
4	2	100	250
4	1	100	250
4	3	50	0
4	3	50	0
4	3	50	50
4	1	100	0
4	1	100	0
4	1	100	0
4	3	50	50
4	4	50	50
4	3	50	0
4	1	100	0
4	1	100	250
4	2	100	250
4	1	100	0
4	1	100	250
4	2	100	250
4	1	100	0
4	1	100	250
4	1	100	250
4	3	50	0
4	3	50	50
4	3	50	0
4	3	50	0
4	3	50	0
4	3	50	0
4	3	50	0
4	3	50	50
4	3	50	50
4	3	50	50
4	3	50	0
4	3	50	0
4	3	50	50
4	3	50	50
4	3	50	50
4	3	50	50
4	3	50	50
4	3	50	0
4	3	50	50
4	3	50	0
4	3	50	50
4	3	50	50
4	3	50	50
4	3	50	50
4	3	50	50
4	3	50	50
4	3	50	0
4	3	50	0
4	3	50	50
4	3	50	0
4	3	50	50
4	3	50	50
4	3	50	0
4	3	50	50
4	3	50	50
4	3	50	0
4	3	50	50
4	3	50	0
4	3	50	50
4	3	50	0
4	3	50	50
4	3	50	50
4	3	50	50
4	3	50	50
4	3	50	50
4	3	50	0
4	3	50	0
4	3	50	0
4	3	50	0
4	3	50	50
4	3	50	50
4	3	50	0
4	3	50	0
4	3	50	0
4	3	50	0
4	3	50	0
4	3	50	50
4	3	50	0
4	3	50	0
4	3	50	0
4	3	50	0
4	3	50	0
4	3	50	0
4	3	50	50
4	3	50	50
4	3	50	50
4	3	50	0
4	3	50	50
4	3	50	50
4	3	50	50
