subjID	choice	gain	loss
4	1	100	0
4	1	100	0
4	1	100	250
4	3	50	0
4	1	100	0
4	1	100	0
4	1	100	0
4	3	50	0
4	1	100	0
4	1	100	250
4	2	100	250
4	1	100	250
4	3	50	0
4	3	50	0
4	3	50	50
4	1	100	0
4	1	100	0
4	1	100	0
4	3	50	50
4	4	50	50
4	3	50	0
4	1	100	0
4	1	100	250
4	2	100	250
4	1	100	0
4	1	100	250
4	2	100	250
4	1	100	0
4	1	100	250
4	1	100	250
4	3	50	0
4	3	50	50
4	3	50	0
4	3	50	0
4	3	50	0
4	3	50	0
4	3	50	0
4	3	50	50
4	3	50	50
4	3	50	50
4	3	50	0
4	3	50	0
4	3	50	50
4	3	50	50
4	3	50	50
4	3	50	50
4	3	50	50
4	3	50	0
4	3	50	50
4	3	50	0
4	3	50	50
4	3	50	50
4	3	50	50
4	3	50	50
4	3	50	50
4	3	50	50
4	3	50	0
4	3	50	0
4	3	50	50
4	3	50	0
4	3	50	50
4	3	50	50
4	3	50	0
4	3	50	50
4	3	50	50
4	3	50	0
4	3	50	50
4	3	50	0
4	3	50	50
4	3	50	0
4	3	50	50
4	3	50	50
4	3	50	50
4	3	50	50
4	3	50	50
4	3	50	0
4	3	50	0
4	3	50	0
4	3	50	0
4	3	50	50
4	3	50	50
4	3	50	0
4	3	50	0
4	3	50	0
4	3	50	0
4	3	50	0
4	3	50	50
4	3	50	0
4	3	50	0
4	3	50	0
4	3	50	0
4	3	50	0
4	3	50	0
4	3	50	50
4	3	50	50
4	3	50	50
4	3	50	0
4	3	50	50
4	3	50	50
4	3	50	50
