subjID	choice	gain	loss
3	1	100	250
3	2	100	0
3	2	100	0
3	2	100	0
3	2	100	250
3	3	50	0
3	1	100	250
3	2	100	0
3	2	100	0
3	2	100	0
3	2	100	250
3	4	50	0
3	3	50	0
3	4	50	0
3	2	100	0
3	4	50	50
3	3	50	50
3	2	100	250
3	1	100	0
3	4	50	50
3	1	100	0
3	1	100	250
3	2	100	250
3	1	100	250
3	3	50	50
3	1	100	0
3	1	100	250
3	2	100	250
3	1	100	0
3	1	100	0
3	1	100	250
3	2	100	0
3	1	100	0
3	1	100	250
3	2	100	0
3	1	100	250
3	3	50	50
3	2	100	250
3	1	100	0
3	1	100	0
3	1	100	250
3	1	100	0
3	2	100	250
3	1	100	0
3	2	100	250
3	1	100	250
3	2	100	0
3	1	100	0
3	1	100	250
3	2	100	0
3	2	100	250
3	3	50	50
3	2	100	0
3	1	100	250
3	1	100	250
3	1	100	0
3	1	100	250
3	2	100	250
3	2	100	0
3	2	100	0
3	2	100	250
3	2	100	0
3	2	100	250
3	2	100	250
3	2	100	250
3	1	100	0
3	1	100	0
3	1	100	0
3	1	100	0
3	1	100	250
3	2	100	0
3	2	100	0
3	2	100	0
3	2	100	0
3	2	100	250
3	1	100	0
3	1	100	250
3	2	100	250
3	1	100	0
3	1	100	250
3	2	100	0
3	2	100	0
3	2	100	250
3	1	100	0
3	1	100	0
3	1	100	250
3	2	100	250
3	1	100	0
3	1	100	250
3	1	100	250
3	1	100	250
3	1	100	250
3	2	100	0
3	2	100	250
3	1	100	0
3	2	100	250
3	1	100	0
3	1	100	250
3	1	100	250
3	2	100	0
4	1	100	0
4	1	100	0
4	1	100	250
4	3	50	0
4	1	100	0
4	1	100	0
4	1	100	0
4	3	50	0
4	1	100	0
4	1	100	250
4	2	100	250
4	1	100	250
4	3	50	0
4	3	50	0
4	3	50	50
4	1	100	0
4	1	100	0
4	1	100	0
4	3	50	50
4	4	50	50
4	3	50	0
4	1	100	0
4	1	100	250
4	2	100	250
4	1	100	0
4	1	100	250
4	2	100	250
4	1	100	0
4	1	100	250
4	1	100	250
4	3	50	0
4	3	50	50
4	3	50	0
4	3	50	0
4	3	50	0
4	3	50	0
4	3	50	0
4	3	50	50
4	3	50	50
4	3	50	50
4	3	50	0
4	3	50	0
4	3	50	50
4	3	50	50
4	3	50	50
4	3	50	50
4	3	50	50
4	3	50	0
4	3	50	50
4	3	50	0
4	3	50	50
4	3	50	50
4	3	50	50
4	3	50	50
4	3	50	50
4	3	50	50
4	3	50	0
4	3	50	0
4	3	50	50
4	3	50	0
4	3	50	50
4	3	50	50
4	3	50	0
4	3	50	50
4	3	50	50
4	3	50	0
4	3	50	50
4	3	50	0
4	3	50	50
4	3	50	0
4	3	50	50
4	3	50	50
4	3	50	50
4	3	50	50
4	3	50	50
4	3	50	0
4	3	50	0
4	3	50	0
4	3	50	0
4	3	50	50
4	3	50	50
4	3	50	0
4	3	50	0
4	3	50	0
4	3	50	0
4	3	50	0
4	3	50	50
4	3	50	0
4	3	50	0
4	3	50	0
4	3	50	0
4	3	50	0
4	3	50	0
4	3	50	50
4	3	50	50
4	3	50	50
4	3	50	0
4	3	50	50
4	3	50	50
4	3	50	50
