subjID	choice	gain	loss
4	1	100	0
4	1	100	0
4	1	100	250
4	3	50	0
4	1	100	0
4	1	100	0
4	1	100	0
4	3	50	0
4	1	100	0
4	1	100	250
4	2	100	250
4	1	100	250
4	3	50	0
4	3	50	0
4	3	50	50
4	1	100	0
4	1	100	0
4	1	100	0
4	3	50	50
4	4	50	50
4	3	50	0
4	1	100	0
4	1	100	250
4	2	100	250
4	1	100	0
4	1	100	250
4	2	100	250
4	1	100	0
4	1	100	250
4	1	100	250
4	3	50	0
4	3	50	50
4	3	50	0
4	3	50	0
4	3	50	0
4	3	50	0
4	3	50	0
4	3	50	50
4	3	50	50
4	3	50	50
4	3	50	0
4	3	50	0
4	3	50	50
4	3	50	50
4	3	50	50
4	3	50	50
4	3	50	50
4	3	50	0
4	3	50	50
4	3	50	0
4	3	50	50
4	3	50	50
4	3	50	50
4	3	50	50
4	3	50	50
4	3	50	50
4	3	50	0
4	3	50	0
4	3	50	50
4	3	50	0
4	3	50	50
4	3	50	50
4	3	50	0
4	3	50	50
4	3	50	50
4	3	50	0
4	3	50	50
4	3	50	0
4	3	50	50
4	3	50	0
4	3	50	50
4	3	50	50
4	3	50	50
4	3	50	50
4	3	50	50
4	3	50	0
4	3	50	0
4	3	50	0
4	3	50	0
4	3	50	50
4	3	50	50
4	3	50	0
4	3	50	0
4	3	50	0
4	3	50	0
4	3	50	0
4	3	50	50
4	3	50	0
4	3	50	0
4	3	50	0
4	3	50	0
4	3	50	0
4	3	50	0
4	3	50	50
4	3	50	50
4	3	50	50
4	3	50	0
4	3	50	50
4	3	50	50
4	3	50	50
7	2	100	250
7	1	100	250
7	3	50	50
7	4	50	0
7	3	50	0
7	2	100	250
7	2	100	0
7	3	50	50
7	3	50	0
7	3	50	0
7	4	50	0
7	4	50	50
7	4	50	50
7	3	50	0
7	3	50	50
7	3	50	50
7	1	100	250
7	1	100	0
7	3	50	50
7	3	50	0
7	3	50	0
7	3	50	0
7	4	50	0
7	4	50	0
7	3	50	0
7	4	50	50
7	3	50	50
7	4	50	0
7	2	100	250
7	3	50	50
7	3	50	0
7	3	50	50
7	3	50	50
7	4	50	0
7	1	100	0
7	3	50	0
7	3	50	0
7	3	50	0
7	2	100	250
7	2	100	0
7	3	50	0
7	3	50	50
7	3	50	0
7	1	100	250
7	1	100	0
7	3	50	50
7	4	50	50
7	4	50	50
7	3	50	50
7	3	50	0
7	4	50	50
7	3	50	0
7	3	50	50
7	3	50	0
7	4	50	0
7	4	50	50
7	4	50	0
7	4	50	50
7	4	50	0
7	4	50	0
7	4	50	50
7	2	100	250
7	3	50	0
7	1	100	0
7	3	50	0
7	4	50	0
7	3	50	0
7	3	50	50
7	4	50	50
7	3	50	50
7	3	50	50
7	2	100	0
7	3	50	50
7	4	50	50
7	3	50	50
7	3	50	50
7	4	50	0
7	2	100	250
7	3	50	50
7	1	100	250
7	3	50	50
7	2	100	250
7	3	50	0
7	3	50	0
7	3	50	0
7	2	100	0
7	3	50	50
7	4	50	0
7	3	50	50
7	4	50	0
7	4	50	0
7	4	50	0
7	4	50	50
7	1	100	250
7	3	50	50
7	4	50	0
7	1	100	250
7	4	50	50
7	4	50	0
7	1	100	0
